2
100
165.61412107 -206.523794392 0.0689141610634 
-181.874015716 29.4625763065 -0.999023528529 
-56.7917125507 -12.5849075567 -0.258608796171 
-205.298789157 165.524734855 -0.875587262601 
-88.5877007739 30.6061060973 -0.990511056993 
106.465731809 165.136760854 0.989466585737 
184.961743678 -134.650350483 0.0458946109836 
57.018589063 -69.5020681342 0.0827966510005 
-177.684792823 -145.776444462 -0.122497588655 
-143.25409232 59.2559751293 -0.734469374038 
81.5151239619 -121.119052397 -0.944731962931 
-188.64553008 -88.8737704023 -0.871938140685 
-45.9021705138 196.445319083 -0.250598858656 
79.4965275146 198.269860703 0.965207222638 
-142.288244211 -165.023130559 0.535166877026 
-67.817897498 -13.8673375547 -0.00382605006943 
-125.184293091 171.07856581 0.942360747954 
77.3436088701 202.20922002 0.0488977731773 
-53.4186179407 -38.1967276047 0.487442739326 
200.155430013 -17.8929581244 0.0500770265482 
-190.264493565 -114.656786902 0.185708709086 
-52.9581949133 -200.247628279 -0.953058553178 
172.750555798 -17.1833955598 -0.998299644275 
120.915977713 -89.4299253088 0.070068406469 
171.47114017 96.411665143 -0.749581608858 
-72.4972849091 -13.6518291077 0.970213934776 
36.2758956041 137.060327533 -0.521516382663 
-182.772737439 -163.488767106 -0.633689007148 
-198.920005604 122.732325759 -0.709970387374 
-112.111485276 45.1725200659 0.82234460898 
12.4581479619 -50.2313010563 -0.0739736195564 
80.8237958589 -107.63017819 -0.994716135884 
-119.569036874 134.355383196 0.796580158123 
-18.6520959666 93.7450387994 -0.300561054513 
112.026705233 -77.7981420438 0.323055184258 
-86.5170591161 180.395506523 -0.360992743924 
165.913825773 -203.701094548 -0.088042789247 
0.341148225623 129.792866772 -0.970841422203 
-191.172804039 -57.1403026064 0.126943573534 
-161.854014787 58.167327143 0.0141296054814 
207.785729474 -30.6330575456 0.940290687283 
126.822281072 -183.599915432 -0.22697121115 
24.2647551301 -157.090290324 -0.769874029609 
98.0171981315 -134.428902549 0.960113379505 
151.374607496 -176.45763621 0.04969204127 
-163.588873833 176.793593032 0.595870035096 
-139.162548408 90.8488692392 0.92829066201 
-60.6824349458 98.6462448644 0.261617871158 
-173.779742403 -132.227910967 0.956034084482 
121.939826864 -29.09840731 -0.98651079202 
91.4639544992 -153.082083701 0.936924109564 
-136.553993367 -208.68448719 0.330384892162 
38.1439127919 -65.1166449388 -0.963985411562 
-39.5807788687 184.058950277 -0.0350834561523 
96.2627518397 148.282458639 -0.478562205307 
-79.0917903117 -69.0342022261 0.453900435451 
-27.4893923028 -194.326087332 -0.945001362847 
182.053234398 24.8883992691 -0.392622621605 
-194.065596397 -156.847332169 0.810759637591 
96.261222573 -60.9556692862 -0.680199014667 
-178.774534515 -25.7859956639 0.349472171942 
-105.611389434 -23.8091696188 0.577171072755 
153.491660049 66.5006563131 0.0807426207513 
176.093497972 -151.95417592 -0.837897155861 
168.159638474 64.8729216139 0.526691470608 
-61.1269341019 -116.997760883 -0.811132730292 
89.73694257 -114.055124707 0.727423122674 
162.940026792 104.875788893 -0.703592245315 
-130.732811023 56.5943178392 0.952007889987 
-148.554495483 -89.6551091058 0.523911838028 
-30.4381283363 -169.576072743 0.866290881019 
134.369655554 -7.91725185905 0.709435947827 
-147.871509225 119.400609202 0.195302755346 
13.5731446715 171.92334603 -0.142042111423 
14.5017176653 142.967867203 0.380144193674 
-40.710381179 -58.4992209949 0.969052399375 
-187.300982052 84.5509551738 -0.797132213839 
120.866293508 82.4886360132 0.750351040181 
190.107575974 118.128612329 0.352375543508 
7.67187493062 -40.8523327886 -0.98129200011 
-95.1944496912 -138.167026912 -0.773040461805 
97.9042410045 -156.180659144 -0.987707978631 
27.6232257763 -114.043900589 0.999638839514 
109.059409187 118.835814575 0.99159344631 
-97.6344743543 30.1375355943 0.998881407877 
-166.827402294 20.8495350978 -0.994367011339 
-38.9015582099 201.400034075 -0.760668372308 
175.297136766 -105.941696923 0.238092564543 
134.653217452 -106.133967738 -0.242474668908 
-137.500200689 2.03973723192 0.36346012689 
58.4107361773 -180.586424562 -0.339537465423 
187.287887364 106.333747518 -0.993130787254 
72.0247897452 176.639771148 -0.460662313577 
-140.269285084 -162.596750621 -0.956026749016 
22.3363499436 169.061847559 0.236686833163 
-0.406799518014 169.400953135 -0.606657867342 
116.646976642 34.4842998078 0.328607743787 
102.500061123 -174.510651178 -0.24356608419 
-95.455196263 -151.696424633 -0.859453015015 
-180.75628038 108.960118844 -0.444368751779 
